MEMORY
  total           13491 KB
  struct            159 KB
  buffer             20 KB
  arena           13312 KB, used 0.3%

SIZES
  narena                13631488
  nbuffer               20160
  nplugin               0
  maxuse_stack          3664
  maxuse_arena          35136
  maxuse_con            10
  maxuse_efc            40
  ncon                  3
  ne                    0
  nf                    0
  nl                    0
  nefc                  12
  nJ                    84
  nA                    0
  nisland               1
  nidof                 7
  ntree_awake           1
  nbody_awake           12
  nparent_awake         11
  nv_awake              7
  flg_energypos         0
  flg_energyvel         0
  flg_subtreevel        0
  flg_rnepost           0
  threadpool            0

TIMER
    0:  duration =  0.15       number = 1
    1:  duration =  0.15       number = 4
    2:  duration =  0          number = 0
    3:  duration =  0.1        number = 4
    4:  duration =  0.0086     number = 4
    5:  duration =  0.0021     number = 4
    6:  duration =  0.028      number = 4
    7:  duration =  0          number = 0
    8:  duration =  0.014      number = 4
    9:  duration =  0.004      number = 4
    10:  duration =  0.061      number = 4
    11:  duration =  0.021      number = 4
    12:  duration =  0.00029    number = 4
    13:  duration =  0.012      number = 4
    14:  duration =  0.048      number = 4

SOLVER STAT
  solver_fwdinv =   0         0       
  ISLAND 0
    solver_niter = 2
    solver_nnz = 49
      0:  improvement =  7.7         gradient =  4.9         lineslope =  0       
          nactive = 3   nchange = 1   neval = 5   nupdate = 1
      1:  improvement =  5.1         gradient =  2.2e-14     lineslope =  0       
          nactive = 3   nchange = 0   neval = 2   nupdate = 0

ENERGY =   0         0       

TIME =  21      

QPOS
  -2.2     
   0.37    
   2       
  -2       
  -1.5     
   3.1     
  -0.88    

QVEL
  -1       
   0.033   
   0.48    
   0.59    
  -1.7     
  -0.85    
   5       

QACC_WARMSTART
  -3.1e+02 
   17      
   2.9e+02 
   55      
  -4.9e+02 
  -3.8e+02 
   1.3e+03 

CTRL
   0       
   0       
   0       
   0       
   0       
   0       
   0       

QFRC_APPLIED
   0       
   0       
   0       
   0       
   0       
   0       
   0       

XFRC_APPLIED
   0         0         0         0         0         0       
   0         0         0         0         0         0       
   0         0         0         0         0         0       
   0         0         0         0         0         0       
   0         0         0         0         0         0       
   0         0         0         0         0         0       
   0         0         0         0         0         0       
   0         0         0         0         0         0       
   0         0         0         0         0         0       
   0         0         0         0         0         0       
   0         0         0         0         0         0       
   0         0         0         0         0         0       

MOCAP_POS
   0.5       0.1       0.5     
   0.5      -0.1       0.4     
   0.4       0         0.6     

MOCAP_QUAT
   1         0         0         0       
   1         0         0         0       
   1         0         0         0       

QACC
  -3.1e+02 
   17      
   2.9e+02 
   55      
  -4.9e+02 
  -3.8e+02 
   1.3e+03 

TREE_ASLEEP
  -11

XPOS
   0         0         0       
   0         0         0       
   0         0         0.33    
   0         0         0.33    
  -0.07     -0.088     0.63    
   0.0095   -0.1       0.64    
   0.4      -0.16      0.64    
   0.4      -0.16      0.64    
   0.41     -0.081     0.67    
   0.5       0.1       0.5     
   0.5      -0.1       0.4     
   0.4       0         0.6     

XQUAT
   1         0         0         0       
   1         0         0         0       
   0.43      0         0        -0.9     
   0.42     -0.19      0.68     -0.57    
   0.98      0.15     -0.099    -0.089   
   0.33      0.55      0.59     -0.49    
   0.5      -0.42      0.66     -0.38    
   0.74      0.2      -0.057     0.64    
   0.52      0.49      0.61      0.34    
   1         0         0         0       
   1         0         0         0       
   1         0         0         0       

XMAT
   1         0         0         0         1         0         0         0         1       
   1         0         0         0         1         0         0         0         1       
  -0.62      0.78      0        -0.78     -0.62     -0        -0         0         1       
  -0.58      0.22      0.78     -0.73      0.28     -0.62     -0.35     -0.93     -5.6e-17 
   0.96      0.15     -0.22     -0.2       0.94     -0.28      0.17      0.31      0.93    
  -0.18      0.97     -0.15      0.34     -0.078    -0.94     -0.92     -0.22     -0.31    
  -0.15     -0.17      0.97     -0.92      0.37     -0.078    -0.35     -0.91     -0.22    
   0.18     -0.97      0.17      0.92      0.11     -0.37      0.34      0.23      0.91    
   0.033     0.25      0.97      0.95      0.29     -0.11     -0.31      0.92     -0.23    
   1         0         0         0         1         0         0         0         1       
   1         0         0         0         1         0         0         0         1       
   1         0         0         0         1         0         0         0         1       

XIPOS
   0         0         0       
  -0.029    -0.00088   0.057   
  -0.00079  -0.0043    0.29    
  -0.0018   -0.0079    0.36    
  -0.023    -0.038     0.58    
   0.12     -0.16      0.66    
   0.36     -0.13      0.61    
   0.42     -0.1       0.64    
   0.46     -0.036     0.64    
   0.5       0.1       0.5     
   0.5      -0.1       0.4     
   0.4       0         0.6     

XIMAT
   1         0         0         0         1         0         0         0         1       
  -0.36      0.0082    0.93      0.022    -1         0.017     0.93      0.027     0.36    
   0.77      0.63     -0.015    -0.63      0.77      0.025     0.028    -0.0094    1       
   0.31     -0.5      -0.81     -0.93      0.021    -0.37      0.2       0.86     -0.46    
   0.094    -0.98      0.17      0.99      0.1       0.034    -0.05      0.17      0.98    
   0.41     -0.074    -0.91     -0.56     -0.81     -0.18     -0.72      0.58     -0.37    
  -0.23     -0.25      0.94     -0.97      0.1      -0.21     -0.046    -0.96     -0.27    
  -0.077     0.95      0.3      -0.58     -0.28      0.76      0.81     -0.11      0.58    
   0.066     0.016     1         0.014    -1         0.015     1         0.013    -0.066   
   1         0         0         0         1         0         0         0         1       
   1         0         0         0         1         0         0         0         1       
   1         0         0         0         1         0         0         0         1       

XANCHOR
   0         0         0.33    
   0         0         0.33    
  -0.07     -0.088     0.63    
   0.0095   -0.1       0.64    
   0.4      -0.16      0.64    
   0.4      -0.16      0.64    
   0.41     -0.081     0.67    

XAXIS
   0         0         1       
   0.78     -0.62      1.1e-16 
  -0.22     -0.28      0.93    
  -0.15     -0.94     -0.31    
   0.97     -0.078    -0.22    
   0.17     -0.37      0.91    
   0.97     -0.11     -0.23    

GEOM_XPOS
   0         0         0       
  -0.029    -0.00088   0.057   
  -0.024     0.02      0.26    
   0.0088   -0.039     0.4     
  -0.015    -0.063     0.61    
   0.051    -0.14      0.66    
   0.28     -0.14      0.62    
   0.4      -0.12      0.66    
   0.49     -0.077     0.65    
   0.54     -0.096     0.64    
   0.5       0.1       0.5     
   0.5      -0.1       0.4     
   0.4       0         0.6     

GEOM_XMAT
   1         0         0         0         1         0         0         0         1       
  -0.36      0.0082    0.93      0.022    -1         0.017     0.93      0.027     0.36    
  -0.62      0.73     -0.27     -0.78     -0.59      0.21      0.00032   0.34      0.94    
  -0.58      0.66     -0.47     -0.73     -0.68     -0.049    -0.35      0.32      0.88    
  -0.81     -0.18      0.55      0.24     -0.97      0.043     0.53      0.17      0.83    
   0.45      0.37     -0.81      0.54     -0.84     -0.082    -0.71     -0.4      -0.58    
  -0.15     -0.43      0.89     -0.92      0.38      0.023    -0.35     -0.82     -0.45    
   0.19      0.98      0.03     -0.24      0.016     0.97      0.95     -0.19      0.24    
   0.96      0.15     -0.25     -0.15     -0.47     -0.87     -0.25      0.87     -0.42    
  -0.15      0.96     -0.22      0.47     -0.13     -0.87     -0.87     -0.24     -0.43    
   1         0         0         0         1         0         0         0         1       
   1         0         0         0         1         0         0         0         1       
   1         0         0         0         1         0         0         0         1       

SITE_XPOS
   0.62     -0.1       0.62    

SITE_XMAT
  -0.15      0.2       0.97      0.47      0.88     -0.11     -0.87      0.44     -0.23    

LIGHT_XPOS
   0         0         2       

LIGHT_XDIR
   0         0        -1       

SUBTREE_COM
   0.24     -0.034     0.47    
   0.1      -0.056     0.45    
   0.13     -0.065     0.52    
   0.18     -0.091     0.61    
   0.19     -0.096     0.63    
   0.28     -0.12      0.64    
   0.42     -0.089     0.63    
   0.44     -0.072     0.64    
   0.46     -0.036     0.64    
   0.5       0.1       0.5     
   0.5      -0.1       0.4     
   0.4       0         0.6     

CDOF
   0         0         1         0.056     0.1      -0       
   0.78     -0.62      1.1e-16  -0.071    -0.088     0.022   
  -0.22     -0.28      0.93      0.021     0.12      0.041   
  -0.15     -0.94     -0.31      0.2      -0.058     0.082   
   0.97     -0.078    -0.22      0.038     0.25      0.081   
   0.17     -0.37      0.91     -0.027    -0.24     -0.091   
   0.97     -0.11     -0.23      0.029     0.28     -0.0083  

CINERT
   0         0         0         0         0         0         0         0         0         0       
   0.47      0.52      0.074     0.022    -0.16      0.064    -0.4       0.16     -1.2       3       
   0.85      0.89      0.077     0.025    -0.073     0.024    -0.52      0.26     -0.8       5       
   0.018     0.039     0.032    -0.0051   -0.015    -0.0022   -0.069     0.031    -0.055     0.65    
   0.1       0.15      0.056     0.007     0.049    -0.0092   -0.41      0.057     0.44      3.2     
   0.22      0.19      0.066     2.3e-05  -0.017     0.079     0.045    -0.36      0.77      3.6     
   0.051     0.15      0.11      0.03     -0.045     0.015     0.31     -0.095     0.2       1.2     
   0.073     0.24      0.18      0.025    -0.1       0.014     0.53     -0.081     0.33      1.7     
   0.063     0.25      0.2      -0.01     -0.099    -0.0056    0.52      0.029     0.28      1.5     
   0.017     0.017     0.017     0         0         0         0         0         0         4.2     
   0.017     0.017     0.017     0         0         0         0         0         0         4.2     
   0.017     0.017     0.017     0         0         0         0         0         0         4.2     

ACTUATOR_LENGTH
  -2.2     
   0.36    
   2.1     
  -2       
  -1.5     
   3.1     
  -0.68    

actuator_moment
---------
 x       |
  x      |
   x     |
    x    |
     x   |
      x  |
       x |
---------

ACTUATOR_MOMENT
     0:  1       
     1:  1       
     2:  1       
     3:  1       
     4:  1       
     5:  1       
     6:  1       

CRB
   0         0         0         0         0         0         0         0         0         0       
   1.8       2.4       0.79      0.094    -0.46      0.18      0         2.8e-17   0         20      
   1.4       1.9       0.72      0.072    -0.31      0.11      0.4      -0.16      1.2       17      
   0.52      1         0.64      0.046    -0.23      0.091     0.92     -0.42      2         12      
   0.51      0.98      0.61      0.051    -0.22      0.093     0.99     -0.45      2         11      
   0.4       0.83      0.55      0.044    -0.27      0.1       1.4      -0.51      1.6       7.9     
   0.19      0.63      0.49      0.044    -0.25      0.023     1.4      -0.15      0.81      4.4     
   0.14      0.49      0.38      0.015    -0.2       0.0086    1        -0.052     0.61      3.1     
   0.063     0.25      0.2      -0.01     -0.099    -0.0056    0.52      0.029     0.28      1.5     
   0.017     0.017     0.017     0         0         0         0         0         0         4.2     
   0.017     0.017     0.017     0         0         0         0         0         0         4.2     
   0.017     0.017     0.017     0         0         0         0         0         0         4.2     

QM
   1.1     
  -0.73      1.3     
   1        -0.57      1.2     
  -0.28      0.52     -0.033     0.83    
  -0.0041    0.074     0.027     0.12      0.056   
   0.054     0.052     0.096     0.02      0.0018    0.054   
   0.0094    0.017     0.017     0.028     0.019     0.0017    0.014   

M
     0:  1.1     
     0: -0.73       1:  1.3     
     0:  1          1: -0.57       2:  1.2     
     0: -0.28       1:  0.52       2: -0.033      3:  0.83    
     0: -0.0041     1:  0.074      2:  0.027      3:  0.12       4:  0.056   
     0:  0.054      1:  0.052      2:  0.096      3:  0.02       4:  0.0018     5:  0.054   
     0:  0.0094     1:  0.017      2:  0.017      3:  0.028      4:  0.019      5:  0.0017     6:  0.014   

QLD
     0:  0.12    
     0: -0.15       1:  0.56    
     0:  0.83       1: -0.61       2:  1       
     0: -0.52       1:  0.61       2: -0.21       3:  0.53    
     0: -0.54       1:  1.7        2:  0.17       3:  2.8        4:  0.03    
     0:  0.99       1:  0.93       2:  1.7        3:  0.31       4: -0.0089     5:  0.054   
     0:  0.68       1:  1.2        2:  1.2        3:  2          4:  1.4        5:  0.12       6:  0.014   

QLDIAGINV
   8.2     
   1.8     
   0.97    
   1.9     
   33      
   18      
   72      

M: inertia structure
---------
 x       |
 xx      |
 xxx     |
 xxxx    |
 xxxxx   |
 xxxxxx  |
 xxxxxxx |
---------

iM: block-diagonal inertia (nnzs are island ids)
---------
 0       |
 00      |
 000     |
 0000    |
 00000   |
 000000  |
 0000000 |
---------

TREE_AWAKE
  1

BODY_AWAKE
  -1 -1 1 1 1 1 1 1 1 1 1 1

BODY_AWAKE_IND
  0 1 2 3 4 5 6 7 8 9 10 11

PARENT_AWAKE_IND
  1 2 3 4 5 6 7 8 9 10 11

DOF_AWAKE_IND
  0 1 2 3 4 5 6

CONTACT
  0:
     dim           3
     geoms         obs2 : 6
     exclude       0
     efc_address   0
     solref         0.02      1       
     solimp         0.9       0.95      0.001     0.5       2       
     dist          -0.012   
     includemargin  0       
     pos            0.38     -0.086     0.57    
     frame         -0.19     -0.91     -0.37     -0.074    -0.36      0.93     -0.98      0.2       0       
     friction       1         1         0.005     0.0001    0.0001  
     mu             1       
     force          1.5e+02  -1.5e+02   0         0         0         0       
  1:
     dim           3
     geoms         obs2 : 7
     exclude       0
     efc_address   4
     solref         0.02      1       
     solimp         0.9       0.95      0.001     0.5       2       
     dist          -0.039   
     includemargin  0       
     pos            0.41     -0.061     0.65    
     frame          0.072    -0.76      0.65     -0.061     0.64      0.76     -1        -0.094     0       
     friction       1         1         0.005     0.0001    0.0001  
     mu             1       
     force          3.6e+02   3.2e+02  -40        0         0         0       
  2:
     dim           3
     geoms         obs2 : 8
     exclude       0
     efc_address   8
     solref         0.02      1       
     solimp         0.9       0.95      0.001     0.5       2       
     dist          -0.015   
     includemargin  0       
     pos            0.47     -0.058     0.63    
     frame          0.72     -0.62      0.3      -0.23      0.2       0.95     -0.65     -0.76      0       
     friction       1         1         0.005     0.0001    0.0001  
     mu             1       
     force          0         0         0         0         0         0       

EFC_TYPE
  6
  6
  6
  6
  6
  6
  6
  6
  6
  6
  6
  6

EFC_ID
  0
  0
  0
  0
  1
  1
  1
  1
  2
  2
  2
  2

EFC_J
  -0.51      0.37     -0.45      0.34     -0.056     0         0       
  -0.22     -0.11     -0.39     -0.39     -0.14      0         0       
  -0.37      0.23     -0.35     -0.13     -0.1       0         0       
  -0.36      0.023    -0.49      0.076    -0.089     0         0       
  -0.046     0.32      0.13      0.53      0.14      0.027     0       
  -0.56      0.3      -0.65      0.13      0.016    -0.021     0       
  -0.4       0.53     -0.27      0.34      0.06      0.1       0       
  -0.2       0.086    -0.25      0.32      0.098    -0.095     0       
  -0.17      0.32     -0.051     0.61      0.15     -0.019     0.029   
  -0.33     -0.15     -0.53     -0.13     -0.042    -0.17     -0.03    
  -0.64      0.38     -0.65      0.33      0.043    -0.082    -0.025   
   0.14     -0.21      0.07      0.15      0.063    -0.11      0.025   

IEFC_J
  -0.51      0.37     -0.45      0.34     -0.056     0         0       
  -0.22     -0.11     -0.39     -0.39     -0.14      0         0       
  -0.37      0.23     -0.35     -0.13     -0.1       0         0       
  -0.36      0.023    -0.49      0.076    -0.089     0         0       
  -0.046     0.32      0.13      0.53      0.14      0.027     0       
  -0.56      0.3      -0.65      0.13      0.016    -0.021     0       
  -0.4       0.53     -0.27      0.34      0.06      0.1       0       
  -0.2       0.086    -0.25      0.32      0.098    -0.095     0       
  -0.17      0.32     -0.051     0.61      0.15     -0.019     0.029   
  -0.33     -0.15     -0.53     -0.13     -0.042    -0.17     -0.03    
  -0.64      0.38     -0.65      0.33      0.043    -0.082    -0.025   
   0.14     -0.21      0.07      0.15      0.063    -0.11      0.025   

EFC_POS
  -0.012   
  -0.012   
  -0.012   
  -0.012   
  -0.039   
  -0.039   
  -0.039   
  -0.039   
  -0.015   
  -0.015   
  -0.015   
  -0.015   

EFC_MARGIN
   0       
   0       
   0       
   0       
   0       
   0       
   0       
   0       
   0       
   0       
   0       
   0       

EFC_FRICTIONLOSS
   0       
   0       
   0       
   0       
   0       
   0       
   0       
   0       
   0       
   0       
   0       
   0       

EFC_DIAGAPPROX
   0.36    
   0.36    
   0.36    
   0.36    
   0.54    
   0.54    
   0.54    
   0.54    
   1.2     
   1.2     
   1.2     
   1.2     

EFC_KBIP
   6.9e+02   53        0.95      0       
   6.9e+02   53        0.95      0       
   6.9e+02   53        0.95      0       
   6.9e+02   53        0.95      0       
   6.9e+02   53        0.95      0       
   6.9e+02   53        0.95      0       
   6.9e+02   53        0.95      0       
   6.9e+02   53        0.95      0       
   6.9e+02   53        0.95      0       
   6.9e+02   53        0.95      0       
   6.9e+02   53        0.95      0       
   6.9e+02   53        0.95      0       

EFC_D
   53      
   53      
   53      
   53      
   35      
   35      
   35      
   35      
   16      
   16      
   16      
   16      

EFC_R
   0.019   
   0.019   
   0.019   
   0.019   
   0.029   
   0.029   
   0.029   
   0.029   
   0.063   
   0.063   
   0.063   
   0.063   

ACTUATOR_VELOCITY
   2.2     
   0.27    
  -2.8     
   0.18    
   3.2     
   1.8     
  -12      

CVEL
   0         0         0         0         0         0       
   0         0         0         0         0         0       
   0         0         2.2       0.12      0.23      0       
   0.21     -0.17      2.2       0.11      0.21      0.0058  
   0.83      0.61     -0.38      0.048    -0.13     -0.11    
   0.8       0.44     -0.44      0.083    -0.14     -0.095   
   3.9       0.2      -1.1       0.2       0.64      0.16    
   4.2      -0.48      0.53      0.15      0.21     -0.005   
  -7.8       0.84      3.4      -0.21     -3.3       0.099   
   0         0         0         0         0         0       
   0         0         0         0         0         0       
   0         0         0         0         0         0       

CDOF_DOT
   0         0         0         0         0         0       
   1.4       1.7      -0         0.2      -0.16     -0.26    
   0.46     -0.69     -0.095    -0.083    -0.062     0.046   
  -0.55      0.31     -0.69     -0.034    -0.11     -0.23    
  -0.13     -0.25     -0.49      0.17     -0.16      0.32    
  -0.24     -3.7      -1.5       0.36      0.23     -1.1     
   0.17      1.5       0.018    -0.2       0.081     0.98    

QFRC_BIAS
  -3       
   4.5     
   3.8     
   20      
   3.1     
   0.15    
   0.59    

QFRC_SPRING
   0       
   0       
   0       
   0       
   0       
   0       
   0       

QFRC_DAMPER
  -0.0067  
  -0.0008  
   0.0084  
  -0.00053 
  -0.0095  
  -0.0054  
   0.037   

QFRC_GRAVCOMP
   0       
   0       
   0       
   0       
   0       
   0       
   0       

QFRC_FLUID
   0       
   0       
   0       
   0       
   0       
   0       
   0       

QFRC_PASSIVE
  -0.0067  
  -0.0008  
   0.0084  
  -0.00053 
  -0.0095  
  -0.0054  
   0.037   

EFC_VEL
   0.12    
   0.066   
  -0.12    
   0.31    
   0.22    
   0.68    
   0.44    
   0.46    
   0.022   
   0.62    
   0.86    
  -0.21    

EFC_AREF
   1.9     
   4.6     
   15      
  -8.1     
   14      
  -10      
   2.5     
   1.2     
   8.7     
  -23      
  -35      
   21      

SUBTREE_LINVEL
   0         0         0       
   0         0         0       
   0         0         0       
   0         0         0       
   0         0         0       
   0         0         0       
   0         0         0       
   0         0         0       
   0         0         0       
   0         0         0       
   0         0         0       
   0         0         0       

SUBTREE_ANGMOM
   0         0         0       
   0         0         0       
   0         0         0       
   0         0         0       
   0         0         0       
   0         0         0       
   0         0         0       
   0         0         0       
   0         0         0       
   0         0         0       
   0         0         0       
   0         0         0       

ACTUATOR_FORCE
  -22      
  -2.7     
   28      
  -1.8     
  -12      
  -12      
   12      

QFRC_ACTUATOR
  -22      
  -2.7     
   28      
  -1.8     
  -12      
  -12      
   12      

QFRC_SMOOTH
  -19      
  -7.2     
   24      
  -21      
  -15      
  -12      
   11      

QACC_SMOOTH
  -3.3e+02 
   32      
   3.4e+02 
  -27      
  -1.2e+03 
  -5.5e+02 
   2.4e+03 

EFC_B
   81      
   1.1e+02 
   1.2e+02 
   67      
  -1.5e+02 
  -29      
  -85      
  -94      
  -78      
   22      
  -42      
  -14      

EFC_FORCE
   0       
   1.5e+02 
   0       
   0       
   3.2e+02 
   0       
   0       
   40      
   0       
   0       
   0       
   0       

EFC_STATE
  0
  0
  0
  0
  1
  1
  1
  1
  1
  0
  1
  1

QFRC_CONSTRAINT
  -56      
   88      
  -29      
   1.2e+02 
   28      
   4.8     
   0       

QFRC_INVERSE
   0       
   0       
   0       
   0       
   0       
   0       
   0       

CACC
   0         0         0         0         0         0       
   0         0         0         0         0         0       
   0         0         0         0         0         0       
   0         0         0         0         0         0       
   0         0         0         0         0         0       
   0         0         0         0         0         0       
   0         0         0         0         0         0       
   0         0         0         0         0         0       
   0         0         0         0         0         0       
   0         0         0         0         0         0       
   0         0         0         0         0         0       
   0         0         0         0         0         0       

CFRC_INT
   0         0         0         0         0         0       
   0         0         0         0         0         0       
   0         0         0         0         0         0       
   0         0         0         0         0         0       
   0         0         0         0         0         0       
   0         0         0         0         0         0       
   0         0         0         0         0         0       
   0         0         0         0         0         0       
   0         0         0         0         0         0       
   0         0         0         0         0         0       
   0         0         0         0         0         0       
   0         0         0         0         0         0       

CFRC_EXT
   0         0         0         0         0         0       
   0         0         0         0         0         0       
   0         0         0         0         0         0       
   0         0         0         0         0         0       
   0         0         0         0         0         0       
   0         0         0         0         0         0       
   0         0         0         0         0         0       
   0         0         0         0         0         0       
   0         0         0         0         0         0       
   0         0         0         0         0         0       
   0         0         0         0         0         0       
   0         0         0         0         0         0       

TREE_ISLAND
  0

ISLAND_NTREE
  1

ISLAND_ITREEADR
  0

MAP_ITREE2TREE
  0

DOF_ISLAND            0 0 0 0 0 0 0

ISLAND_NV             7

ISLAND_IDOFADR        0

MAP_IDOF2DOF          0 1 2 3 4 5 6

EFC_ISLAND            0 0 0 0 0 0 0 0 0 0 0 0

ISLAND_NEFC           12

ISLAND_IEFCADR        0

MAP_IEFC2EFC          0 1 2 3 4 5 6 7 8 9 10 11

