MEMORY
  total           13493 KB
  struct            159 KB
  buffer             22 KB
  arena           13312 KB, used 0.8%

SIZES
  narena                13631488
  nbuffer               22480
  nplugin               0
  maxuse_stack          11160
  maxuse_arena          111448
  maxuse_con            43
  maxuse_efc            173
  ncon                  8
  ne                    0
  nf                    0
  nl                    2
  nefc                  34
  nJ                    306
  nA                    0
  nisland               1
  nidof                 9
  ntree_awake           1
  nbody_awake           11
  nparent_awake         10
  nv_awake              9
  flg_energypos         0
  flg_energyvel         0
  flg_subtreevel        0
  flg_rnepost           0
  threadpool            0

TIMER
    0:  duration =  0.13       number = 1
    1:  duration =  0.13       number = 4
    2:  duration =  0          number = 0
    3:  duration =  0.1        number = 4
    4:  duration =  0.0057     number = 4
    5:  duration =  0.0014     number = 4
    6:  duration =  0.017      number = 4
    7:  duration =  0          number = 0
    8:  duration =  0.012      number = 4
    9:  duration =  0.0033     number = 4
    10:  duration =  0.067      number = 4
    11:  duration =  0.019      number = 4
    12:  duration =  0.00032    number = 4
    13:  duration =  0.0072     number = 4
    14:  duration =  0.058      number = 4

SOLVER STAT
  solver_fwdinv =   0         0       
  ISLAND 0
    solver_niter = 1
    solver_nnz = 81
      0:  improvement =  7.1e-07     gradient =  1.1e-15     lineslope =  0       
          nactive = 12   nchange = 0   neval = 2   nupdate = 0

ENERGY =   0         0       

TIME =  9.7     

QPOS
  -0.048   
   1.8     
  -0.032   
  -0.21    
  -1       
   0.68    
  -0.61    
   0.00078 
  -0.00042 

QVEL
   0.0088  
  -5.8e-06 
   0.001   
   0.0057  
  -0.053   
   0.023   
  -0.14    
   0.073   
  -0.032   

QACC_WARMSTART
   0.00044 
  -2.8e-05 
   0.012   
  -0.00037 
  -0.017   
  -0.022   
  -0.032   
   2.9     
  -1.5     

CTRL
   1.1     
   1.1     
  -1.1     
   1.1     
  -1.3     
  -1.3     
  -1.3     

QFRC_APPLIED
   0       
   0       
   0       
   0       
   0       
   0       
   0       
   0       
   0       

XFRC_APPLIED
   0         0         0         0         0         0       
   0         0         0         0         0         0       
   0         0         0         0         0         0       
   0         0         0         0         0         0       
   0         0         0         0         0         0       
   0         0         0         0         0         0       
   0         0         0         0         0         0       
   0         0         0         0         0         0       
   0         0         0         0         0         0       
   0         0         0         0         0         0       
   0         0         0         0         0         0       

QACC
   0.00044 
  -2.8e-05 
   0.012   
  -0.00037 
  -0.017   
  -0.022   
  -0.032   
   2.9     
  -1.5     

TREE_ASLEEP
  -11

XPOS
   0         0         0       
   0         0         0       
   0         0         0.33    
   0         0         0.33    
   0.31     -0.015     0.27    
   0.29     -0.017     0.19    
   0.68     -0.035     0.12    
   0.68     -0.035     0.12    
   0.71     -0.096     0.064   
   0.57     -0.18      0.066   
   0.57     -0.18      0.066   

XQUAT
   1         0         0         0       
   1         0         0         0       
   1         0         0        -0.024   
   0.46     -0.44      0.56      0.54    
   0.63      0.0063    0.77     -0.025   
   0.38      0.4       0.57     -0.61    
   0.47     -0.4       0.73     -0.29    
   0.82      0.15      0.28     -0.48    
   0.29      0.7       0.072    -0.65    
   0.02      0.62      0.33     -0.71    
   0.02      0.62      0.33     -0.71    

XMAT
   1         0         0         0         1         0         0         0         1       
   1         0         0         0         1         0         0         0         1       
   1         0.048     0        -0.048     1        -0        -0         0         1       
  -0.19     -0.98      0.048     0.0093    0.047     1        -0.98      0.19     -5.6e-17 
  -0.19      0.042     0.98     -0.023     1        -0.047    -0.98     -0.031    -0.19    
  -0.39      0.92     -0.042    -0.012    -0.051    -1        -0.92     -0.39      0.031   
  -0.24     -0.31      0.92     -0.85      0.52     -0.051    -0.46     -0.8      -0.39    
   0.39      0.87      0.31     -0.69      0.5      -0.52     -0.6      -0.012     0.8     
   0.15      0.48     -0.87     -0.28     -0.82     -0.5      -0.95      0.31      0.012   
  -0.24      0.44     -0.87      0.39     -0.78     -0.5      -0.89     -0.45      0.012   
  -0.24      0.44     -0.87      0.39     -0.78     -0.5      -0.89     -0.45      0.012   

XIPOS
   0         0         0       
  -0.029    -0.00088   0.057   
   0.004     0.0019    0.29    
   0.029     0.0021    0.33    
   0.24      0.027     0.26    
   0.41     -0.049     0.2     
   0.63     -0.0018    0.1     
   0.69     -0.079     0.073   
   0.68     -0.13      0.013   
   0.57     -0.18      0.066   
   0.57     -0.18      0.066   

XIMAT
   1         0         0         0         1         0         0         0         1       
  -0.36      0.0082    0.93      0.022    -1         0.017     0.93      0.027     0.36    
   0.061    -1        -0.011     1         0.061    -0.027     0.028    -0.0094    1       
   0.33      0.88     -0.34      0.81     -0.45     -0.39     -0.49     -0.15     -0.86    
  -0.27      0.52      0.81      0.95      0.01      0.32      0.16      0.85     -0.5     
   0.36      0.16     -0.92     -0.73     -0.57     -0.38     -0.59      0.81     -0.085   
  -0.27     -0.41      0.87     -0.95      0.26     -0.17     -0.16     -0.88     -0.46    
   0.35     -0.85      0.4      -0.2      -0.49     -0.85      0.91      0.22     -0.34    
   0.55     -0.37     -0.75     -0.61      0.43     -0.67      0.57      0.82      0.008   
  -0.24      0.44     -0.87      0.39     -0.78     -0.5      -0.89     -0.45      0.012   
  -0.24      0.44     -0.87      0.39     -0.78     -0.5      -0.89     -0.45      0.012   

XANCHOR
   0         0         0.33    
   0         0         0.33    
   0.31     -0.015     0.27    
   0.29     -0.017     0.19    
   0.68     -0.035     0.12    
   0.68     -0.035     0.12    
   0.71     -0.096     0.064   
   0.57     -0.18      0.066   
   0.57     -0.18      0.066   

XAXIS
   0         0         1       
   0.048     1         3.3e-16 
   0.98     -0.047    -0.19    
  -0.042    -1         0.031   
   0.92     -0.051    -0.39    
   0.31     -0.52      0.8     
  -0.87     -0.5       0.012   
   0.44     -0.78     -0.45    
  -0.44      0.78      0.45    

GEOM_XPOS
   0         0         0       
  -0.029    -0.00088   0.057   
  -0.0015   -0.031     0.26    
   0.07      0.028     0.32    
   0.26      0.011     0.23    
   0.34     -0.043     0.21    
   0.57     -0.0097    0.13    
   0.71     -0.07      0.091   
   0.65     -0.15      0.059   
   0.6      -0.16      0.066   
   0.57     -0.2       0.058   
   0.57     -0.19      0.063   
   0.55     -0.21      0.059   
   0.53     -0.21      0.063   
   0.55     -0.17      0.074   
   0.57     -0.18      0.069   
   0.54     -0.18      0.074   
   0.53     -0.2       0.07    

GEOM_XMAT
   1         0         0         0         1         0         0         0         1       
  -0.36      0.0082    0.93      0.022    -1         0.017     0.93      0.027     0.36    
   1         0.044    -0.017    -0.047     0.94     -0.34      0.00032   0.34      0.94    
  -0.19      0.38      0.91      0.0092    0.92     -0.38     -0.98     -0.066    -0.18    
   0.75      0.41      0.52      0.26     -0.9       0.34      0.61     -0.11     -0.79    
   0.22      0.43     -0.88      0.32     -0.88     -0.35     -0.92     -0.2      -0.33    
  -0.24     -0.55      0.8      -0.85      0.51      0.088    -0.46     -0.66     -0.59    
   0.37     -0.81      0.45     -0.61     -0.58     -0.54      0.7      -0.074    -0.71    
  -0.89      0.23     -0.39     -0.46     -0.38      0.8       0.036     0.89      0.45    
  -0.24     -0.88     -0.42      0.38     -0.48      0.79     -0.89      0.024     0.45    
  -0.24      0.44     -0.87      0.39     -0.78     -0.5      -0.89     -0.45      0.012   
  -0.24      0.44     -0.87      0.39     -0.78     -0.5      -0.89     -0.45      0.012   
  -0.24     -0.05     -0.97      0.39     -0.92     -0.045    -0.89     -0.38      0.24    
  -0.24      0.44     -0.87      0.39     -0.78     -0.5      -0.89     -0.45      0.012   
  -0.24      0.44     -0.87      0.39     -0.78     -0.5      -0.89     -0.45      0.012   
  -0.24      0.44     -0.87      0.39     -0.78     -0.5      -0.89     -0.45      0.012   
  -0.24      0.82     -0.53      0.39     -0.42     -0.82     -0.89     -0.4      -0.21    
  -0.24      0.44     -0.87      0.39     -0.78     -0.5      -0.89     -0.45      0.012   

SITE_XPOS
   0.53     -0.2       0.067   

SITE_XMAT
  -0.24      0.44     -0.87      0.39     -0.78     -0.5      -0.89     -0.45      0.012   

LIGHT_XPOS
   0         0         2       

LIGHT_XDIR
   0         0        -1       

SUBTREE_COM
   0.26     -0.021     0.18    
   0.26     -0.021     0.18    
   0.31     -0.024     0.21    
   0.44     -0.035     0.17    
   0.46     -0.038     0.16    
   0.55     -0.064     0.12    
   0.67     -0.076     0.062   
   0.68     -0.1       0.045   
   0.68     -0.13      0.014   
   0.57     -0.18      0.066   
   0.57     -0.18      0.066   

CDOF
   0         0         1         0.021     0.26     -0       
   0.048     1         3.3e-16  -0.15      0.0072   -0.26    
   0.98     -0.047    -0.19      0.0031    0.097    -0.0082  
  -0.042    -1         0.031     0.0085   -0.0014   -0.034   
   0.92     -0.051    -0.39      0.0023    0.1      -0.0081  
   0.31     -0.52      0.8      -0.045    -0.36     -0.21    
  -0.87     -0.5       0.012    -0.06      0.097    -0.29    
   0         0         0         0.44     -0.78     -0.45    
   0         0         0        -0.44      0.78      0.45    

CINERT
   0         0         0         0         0         0         0         0         0         0       
   0.058     0.31      0.26      0.017    -0.11      0.0075   -0.86      0.06     -0.38      3       
   0.76      1.1       0.34      0.029     0.14      0.0072   -1.3       0.11      0.51      5       
   0.04      0.075     0.045     0.00076   0.014    -0.012    -0.15      0.015     0.096     0.65    
   0.04      0.056     0.04     -0.0074    0.021    -0.005    -0.059     0.15      0.24      3.2     
   0.018     0.11      0.11      0.0071   -0.012     0.0041    0.54     -0.1       0.063     3.6     
   0.021     0.21      0.2      -0.0036    0.044     0.0014    0.46      0.023    -0.095     1.2     
   0.03      0.33      0.32      0.042     0.079    -0.012     0.71     -0.096    -0.18      1.7     
   0.072     0.32      0.29      0.066     0.11     -0.028     0.62     -0.16     -0.25      1.5     
   0.00058   0.0017    0.0018    0.00074   0.00055  -0.00028   0.0047   -0.0024   -0.0017    0.015   
   0.00058   0.0017    0.0018    0.00074   0.00055  -0.00028   0.0047   -0.0024   -0.0017    0.015   

ACTUATOR_LENGTH
  -0.048   
   1.8     
  -0.032   
  -0.21    
  -1       
   0.68    
  -0.61    

actuator_moment
-----------
 x         |
  x        |
   x       |
    x      |
     x     |
      x    |
       x   |
-----------

ACTUATOR_MOMENT
     0:  1       
     1:  1       
     2:  1       
     3:  1       
     4:  1       
     5:  1       
     6:  1       

CRB
   0         0         0         0         0         0         0         0         0         0       
   1         2.5       1.6       0.15      0.28     -0.037     2e-15     6.9e-17   5.6e-17   20      
   0.98      2.2       1.3       0.14      0.39     -0.045     0.86     -0.06      0.38      17      
   0.22      1.1       1         0.11      0.25     -0.052     2.1      -0.17     -0.13      12      
   0.18      1         0.96      0.11      0.24     -0.04      2.3      -0.19     -0.23      11      
   0.14      0.97      0.92      0.11      0.22     -0.035     2.3      -0.34     -0.47      8       
   0.12      0.86      0.81      0.11      0.23     -0.039     1.8      -0.24     -0.53      4.4     
   0.1       0.65      0.61      0.11      0.19     -0.04      1.3      -0.26     -0.43      3.2     
   0.073     0.32      0.3       0.068     0.11     -0.029     0.63     -0.17     -0.25      1.5     
   0.00058   0.0017    0.0018    0.00074   0.00055  -0.00028   0.0047   -0.0024   -0.0017    0.015   
   0.00058   0.0017    0.0018    0.00074   0.00055  -0.00028   0.0047   -0.0024   -0.0017    0.015   

QM
   2.9     
  -0.066     3.3     
   0.5       0.14      0.18    
   0.077    -1.5      -0.078     0.84    
   0.15      0.14      0.079    -0.078     0.059   
   0.11     -0.054     0.02      0.034     0.0031    0.056   
  -0.039    -0.032    -0.023     0.019    -0.017     0.0014    0.014   
  -0.0054    0.002    -0.0009   -0.0011   -0.00046   0.0024    3.9e-18   0.015   
   0.0054   -0.002     0.0009    0.0011    0.00046  -0.0024   -4.1e-18             0.015   

M
     0:  2.9     
     0: -0.066      1:  3.3     
     0:  0.5        1:  0.14       2:  0.18    
     0:  0.077      1: -1.5        2: -0.078      3:  0.84    
     0:  0.15       1:  0.14       2:  0.079      3: -0.078      4:  0.059   
     0:  0.11       1: -0.054      2:  0.02       3:  0.034      4:  0.0031     5:  0.056   
     0: -0.039      1: -0.032      2: -0.023      3:  0.019      4: -0.017      5:  0.0014     6:  0.014   
     0: -0.0054     1:  0.002      2: -0.0009     3: -0.0011     4: -0.00046    5:  0.0024     6:  3.9e-18    7:  0.015   
     0:  0.0054     1: -0.002      2:  0.0009     3:  0.0011     4:  0.00046    5: -0.0024     6: -4.1e-18    8:  0.015   

QLD
     0:  1.3     
     0:  0.15       1:  0.55    
     0:  4          1: -0.064      2:  0.068   
     0:  0.28       1: -1.8        2:  0.021      3:  0.71    
     0:  2.3        1:  2.8        2:  1.3        3: -1.5        4:  0.037   
     0:  2          1: -0.93       2:  0.4        3:  0.58       4:  0.09       5:  0.055   
     0: -2.8        1: -2.3        2: -1.7        3:  1.4        4: -1.3        5:  0.1        6:  0.014   
     0: -0.36       1:  0.13       2: -0.06       3: -0.073      4: -0.031      5:  0.16       6:  2.6e-16    7:  0.015   
     0:  0.36       1: -0.13       2:  0.06       3:  0.073      4:  0.031      5: -0.16       6: -2.7e-16    8:  0.015   

QLDIAGINV
   0.8     
   1.8     
   15      
   1.4     
   27      
   18      
   72      
   67      
   67      

M: inertia structure
-----------
 x         |
 xx        |
 xxx       |
 xxxx      |
 xxxxx     |
 xxxxxx    |
 xxxxxxx   |
 xxxxxxxx  |
 xxxxxxx x |
-----------

iM: block-diagonal inertia (nnzs are island ids)
-----------
 0         |
 00        |
 000       |
 0000      |
 00000     |
 000000    |
 0000000   |
 00000000  |
 0000000 0 |
-----------

TREE_AWAKE
  1

BODY_AWAKE
  -1 -1 1 1 1 1 1 1 1 1 1

BODY_AWAKE_IND
  0 1 2 3 4 5 6 7 8 9 10

PARENT_AWAKE_IND
  1 2 3 4 5 6 7 8 9 10

DOF_AWAKE_IND
  0 1 2 3 4 5 6 7 8

CONTACT
  0:
     dim           3
     geoms         floor : 6
     exclude       0
     efc_address   2
     solref         0.02      1       
     solimp         0.9       0.95      0.001     0.5       2       
     dist          -0.00051 
     includemargin  0       
     pos            0.65      0.0096   -0.00025 
     frame          0         0         1         0         1         0        -1         0         0       
     friction       1         1         0.005     0.0001    0.0001  
     mu             1       
     force          45        0.83     -0.8       0         0         0       
  1:
     dim           3
     geoms         floor : 8
     exclude       0
     efc_address   6
     solref         0.02      1       
     solimp         0.9       0.95      0.001     0.5       2       
     dist          -1.4e-05 
     includemargin  0       
     pos            0.67     -0.19     -6.9e-06 
     frame          0         0         1         0         1         0        -1         0         0       
     friction       1         1         0.005     0.0001    0.0001  
     mu             1       
     force          5.5      -3.5       2.1       0         0         0       
  2:
     dim           3
     geoms         6 : 9
     exclude       0
     efc_address   10
     solref         0.02      1       
     solimp         0.9       0.95      0.001     0.5       2       
     dist          -0.0011  
     includemargin  0       
     pos            0.59     -0.065     0.11    
     frame         -0.2      -0.87     -0.45     -0.1      -0.43      0.9      -0.97      0.23      1.4e-17 
     friction       1         1         0.005     0.0001    0.0001  
     mu             1       
     force          36       -16        6.8       0         0         0       
  3:
     dim           3
     geoms         13 : 17
     exclude       0
     efc_address   14
     solref         0.02      1       
     solimp         0.9       0.95      0.001     0.5       2       
     dist          -3.8e-05 
     includemargin  0       
     pos            0.53     -0.21      0.074   
     frame         -0.44      0.78      0.45      0.22     -0.39      0.89      0.87      0.49      0       
     friction       1         1         0.005     0.0001    0.0001  
     mu             1       
     force          0         0         0         0         0         0       
  4:
     dim           3
     geoms         13 : 17
     exclude       0
     efc_address   18
     solref         0.02      1       
     solimp         0.9       0.95      0.001     0.5       2       
     dist          -3.8e-05 
     includemargin  0       
     pos            0.52     -0.2       0.059   
     frame         -0.44      0.78      0.45      0.22     -0.39      0.89      0.87      0.49      0       
     friction       1         1         0.005     0.0001    0.0001  
     mu             1       
     force          0         0         0         0         0         0       
  5:
     dim           3
     geoms         13 : 17
     exclude       0
     efc_address   22
     solref         0.02      1       
     solimp         0.9       0.95      0.001     0.5       2       
     dist          -3.8e-05 
     includemargin  0       
     pos            0.53     -0.21      0.074   
     frame         -0.44      0.78      0.45      0.22     -0.39      0.89      0.87      0.49      0       
     friction       1         1         0.005     0.0001    0.0001  
     mu             1       
     force          0         0         0         0         0         0       
  6:
     dim           3
     geoms         13 : 17
     exclude       0
     efc_address   26
     solref         0.02      1       
     solimp         0.9       0.95      0.001     0.5       2       
     dist          -3.8e-05 
     includemargin  0       
     pos            0.54     -0.2       0.074   
     frame         -0.44      0.78      0.45      0.22     -0.39      0.89      0.87      0.49      0       
     friction       1         1         0.005     0.0001    0.0001  
     mu             1       
     force          0         0         0         0         0         0       
  7:
     dim           3
     geoms         13 : 17
     exclude       0
     efc_address   30
     solref         0.02      1       
     solimp         0.9       0.95      0.001     0.5       2       
     dist          -3.8e-05 
     includemargin  0       
     pos            0.54     -0.19      0.059   
     frame         -0.44      0.78      0.45      0.22     -0.39      0.89      0.87      0.49      0       
     friction       1         1         0.005     0.0001    0.0001  
     mu             1       
     force          0         0         0         0         0         0       

EFC_TYPE
  3
  3
  6
  6
  6
  6
  6
  6
  6
  6
  6
  6
  6
  6
  6
  6
  6
  6
  6
  6
  6
  6
  6
  6
  6
  6
  6
  6
  6
  6
  6
  6
  6
  6

EFC_ID
  1
  8
  0
  0
  0
  0
  1
  1
  1
  1
  2
  2
  2
  2
  3
  3
  3
  3
  4
  4
  4
  4
  5
  5
  5
  5
  6
  6
  6
  6
  7
  7
  7
  7

EFC_J
   0        -1         0         0         0         0         0         0         0       
   0         0         0         0         0         0         0         0         1       
   0.65     -0.64      0.24      0.36      0.16      0         0         0         0       
  -0.65     -0.67     -0.16      0.36     -0.077     0         0         0         0       
   0.0096   -0.32      0.023     0.17      0.017     0         0         0         0       
  -0.0096   -0.99      0.058     0.55      0.063     0         0         0         0       
   0.67     -0.66      0.042     0.39     -0.032    -0.021     0.0039    0         0       
  -0.67     -0.7      -0.35      0.38     -0.25     -0.082     0.12      0         0       
  -0.19     -0.35     -0.13      0.19     -0.088    -0.24      0.027     0         0       
   0.19     -1        -0.18      0.58     -0.2       0.13      0.093     0         0       
   0         0         0         0         0         0.055    -0.082     0         0       
   0         0         0         0         0         0.099     0.1       0         0       
   0         0         0         0         0         0.035     0.042     0         0       
   0         0         0         0         0         0.12     -0.02      0         0       
   0         0         0         0         0         0         0         1         1       
   0         0         0         0         0         0         0         1         1       
   0         0         0         0         0         0         0         1         1       
   0         0         0         0         0         0         0         1         1       
   0         0         0         0         0         0         0         1         1       
   0         0         0         0         0         0         0         1         1       
   0         0         0         0         0         0         0         1         1       
   0         0         0         0         0         0         0         1         1       
   0         0         0         0         0         0         0         1         1       
   0         0         0         0         0         0         0         1         1       
   0         0         0         0         0         0         0         1         1       
   0         0         0         0         0         0         0         1         1       
   0         0         0         0         0         0         0         1         1       
   0         0         0         0         0         0         0         1         1       
   0         0         0         0         0         0         0         1         1       
   0         0         0         0         0         0         0         1         1       
   0         0         0         0         0         0         0         1         1       
   0         0         0         0         0         0         0         1         1       
   0         0         0         0         0         0         0         1         1       
   0         0         0         0         0         0         0         1         1       

IEFC_J
   0        -1         0         0         0         0         0         0         0       
   0         0         0         0         0         0         0         0         1       
   0.65     -0.64      0.24      0.36      0.16      0         0         0         0       
  -0.65     -0.67     -0.16      0.36     -0.077     0         0         0         0       
   0.0096   -0.32      0.023     0.17      0.017     0         0         0         0       
  -0.0096   -0.99      0.058     0.55      0.063     0         0         0         0       
   0.67     -0.66      0.042     0.39     -0.032    -0.021     0.0039    0         0       
  -0.67     -0.7      -0.35      0.38     -0.25     -0.082     0.12      0         0       
  -0.19     -0.35     -0.13      0.19     -0.088    -0.24      0.027     0         0       
   0.19     -1        -0.18      0.58     -0.2       0.13      0.093     0         0       
   0         0         0         0         0         0.055    -0.082     0         0       
   0         0         0         0         0         0.099     0.1       0         0       
   0         0         0         0         0         0.035     0.042     0         0       
   0         0         0         0         0         0.12     -0.02      0         0       
   0         0         0         0         0         0         0         1         1       
   0         0         0         0         0         0         0         1         1       
   0         0         0         0         0         0         0         1         1       
   0         0         0         0         0         0         0         1         1       
   0         0         0         0         0         0         0         1         1       
   0         0         0         0         0         0         0         1         1       
   0         0         0         0         0         0         0         1         1       
   0         0         0         0         0         0         0         1         1       
   0         0         0         0         0         0         0         1         1       
   0         0         0         0         0         0         0         1         1       
   0         0         0         0         0         0         0         1         1       
   0         0         0         0         0         0         0         1         1       
   0         0         0         0         0         0         0         1         1       
   0         0         0         0         0         0         0         1         1       
   0         0         0         0         0         0         0         1         1       
   0         0         0         0         0         0         0         1         1       
   0         0         0         0         0         0         0         1         1       
   0         0         0         0         0         0         0         1         1       
   0         0         0         0         0         0         0         1         1       
   0         0         0         0         0         0         0         1         1       

EFC_POS
  -0.0026  
  -0.00071 
  -0.00051 
  -0.00051 
  -0.00051 
  -0.00051 
  -1.4e-05 
  -1.4e-05 
  -1.4e-05 
  -1.4e-05 
  -0.0011  
  -0.0011  
  -0.0011  
  -0.0011  
  -3.8e-05 
  -3.8e-05 
  -3.8e-05 
  -3.8e-05 
  -3.8e-05 
  -3.8e-05 
  -3.8e-05 
  -3.8e-05 
  -3.8e-05 
  -3.8e-05 
  -3.8e-05 
  -3.8e-05 
  -3.8e-05 
  -3.8e-05 
  -3.8e-05 
  -3.8e-05 
  -3.8e-05 
  -3.8e-05 
  -3.8e-05 
  -3.8e-05 

EFC_MARGIN
   0       
   0       
   0       
   0       
   0       
   0       
   0       
   0       
   0       
   0       
   0       
   0       
   0       
   0       
   0       
   0       
   0       
   0       
   0       
   0       
   0       
   0       
   0       
   0       
   0       
   0       
   0       
   0       
   0       
   0       
   0       
   0       
   0       
   0       

EFC_FRICTIONLOSS
   0       
   0       
   0       
   0       
   0       
   0       
   0       
   0       
   0       
   0       
   0       
   0       
   0       
   0       
   0       
   0       
   0       
   0       
   0       
   0       
   0       
   0       
   0       
   0       
   0       
   0       
   0       
   0       
   0       
   0       
   0       
   0       
   0       
   0       

EFC_DIAGAPPROX
   1.6     
   67      
   0.36    
   0.36    
   0.36    
   0.36    
   1.2     
   1.2     
   1.2     
   1.2     
   1.5     
   1.5     
   1.5     
   1.5     
   1.8e+02 
   1.8e+02 
   1.8e+02 
   1.8e+02 
   1.8e+02 
   1.8e+02 
   1.8e+02 
   1.8e+02 
   1.8e+02 
   1.8e+02 
   1.8e+02 
   1.8e+02 
   1.8e+02 
   1.8e+02 
   1.8e+02 
   1.8e+02 
   1.8e+02 
   1.8e+02 
   1.8e+02 
   1.8e+02 

EFC_KBIP
   6.9e+02   53        0.95      0       
   6.9e+02   53        0.94     -59      
   6.9e+02   53        0.93     -99      
   6.9e+02   53        0.93     -99      
   6.9e+02   53        0.93     -99      
   6.9e+02   53        0.93     -99      
   6.9e+02   53        0.9      -2.8     
   6.9e+02   53        0.9      -2.8     
   6.9e+02   53        0.9      -2.8     
   6.9e+02   53        0.9      -2.8     
   6.9e+02   53        0.95      0       
   6.9e+02   53        0.95      0       
   6.9e+02   53        0.95      0       
   6.9e+02   53        0.95      0       
   6.9e+02   53        0.9      -7.5     
   6.9e+02   53        0.9      -7.5     
   6.9e+02   53        0.9      -7.5     
   6.9e+02   53        0.9      -7.5     
   6.9e+02   53        0.9      -7.5     
   6.9e+02   53        0.9      -7.5     
   6.9e+02   53        0.9      -7.5     
   6.9e+02   53        0.9      -7.5     
   6.9e+02   53        0.9      -7.5     
   6.9e+02   53        0.9      -7.5     
   6.9e+02   53        0.9      -7.5     
   6.9e+02   53        0.9      -7.5     
   6.9e+02   53        0.9      -7.5     
   6.9e+02   53        0.9      -7.5     
   6.9e+02   53        0.9      -7.5     
   6.9e+02   53        0.9      -7.5     
   6.9e+02   53        0.9      -7.5     
   6.9e+02   53        0.9      -7.5     
   6.9e+02   53        0.9      -7.5     
   6.9e+02   53        0.9      -7.5     

EFC_D
   12      
   0.24    
   35      
   35      
   35      
   35      
   7.6     
   7.6     
   7.6     
   7.6     
   12      
   12      
   12      
   12      
   0.05    
   0.05    
   0.05    
   0.05    
   0.05    
   0.05    
   0.05    
   0.05    
   0.05    
   0.05    
   0.05    
   0.05    
   0.05    
   0.05    
   0.05    
   0.05    
   0.05    
   0.05    
   0.05    
   0.05    

EFC_R
   0.086   
   4.2     
   0.029   
   0.029   
   0.029   
   0.029   
   0.13    
   0.13    
   0.13    
   0.13    
   0.081   
   0.081   
   0.081   
   0.081   
   20      
   20      
   20      
   20      
   20      
   20      
   20      
   20      
   20      
   20      
   20      
   20      
   20      
   20      
   20      
   20      
   20      
   20      
   20      
   20      

ACTUATOR_VELOCITY
   0.0087  
  -4.9e-06 
   0.001   
   0.0057  
  -0.053   
   0.023   
  -0.14    

CVEL
   0         0         0         0         0         0       
   0         0         0         0         0         0       
   0         0         0.0087    0.00018   0.0023    0       
  -2.4e-07  -4.9e-06   0.0087    0.00018   0.0023    1.3e-06 
   0.001    -5.3e-05   0.0085    0.00019   0.0024   -7.1e-06 
   0.00076  -0.0057    0.0087    0.00023   0.0024   -0.0002  
  -0.048    -0.0031    0.029     0.00011  -0.0031    0.00022 
  -0.041    -0.015     0.047    -0.00091  -0.011    -0.0046  
   0.077     0.053     0.046     0.0073   -0.024     0.035   
   0.077     0.053     0.046     0.04     -0.082     0.0019  
   0.077     0.053     0.046    -0.0074    0.0014    0.05    

CDOF_DOT
   0         0         0         0         0         0       
  -0.0087    0.00042   0        -6.3e-05  -0.0013    7.3e-05 
   0.00041   0.0086    4.8e-06  -0.0013    6.3e-05  -0.0022  
   0.0085   -0.00039  -0.001     8.1e-05   0.0001   -8.8e-05 
   0.0027    0.0083    0.0052   -0.0018   -6.9e-05  -0.0021  
   0.013     0.047     0.026     0.0087   -0.011     0.018   
   0.023    -0.04      0.0075   -0.0027   -0.011    -0.014   
   0         0         0         0.011     0.055    -0.084   
   0         0         0        -0.011    -0.055     0.084   

QFRC_BIAS
   0.00032 
  -51      
  -1.7     
   20      
  -1.6     
  -0.6     
   0.21    
  -0.066   
   0.066   

QFRC_SPRING
   0       
   0       
   0       
   0       
   0       
   0       
   0       
   0       
   0       

QFRC_DAMPER
   0       
   0       
   0       
   0       
   0       
   0       
   0       
  -0.022   
  -0.01    

QFRC_GRAVCOMP
   0       
   0       
   0       
   0       
   0       
   0       
   0       
   0       
   0       

QFRC_FLUID
   0       
   0       
   0       
   0       
   0       
   0       
   0       
   0       
   0       

QFRC_PASSIVE
   0       
   0       
   0       
   0       
   0       
   0       
   0       
  -0.022   
  -0.01    

EFC_VEL
   4.9e-06 
   0.033   
  -0.00025 
   0.00023 
   0.0002  
  -0.00022 
   0.0088  
  -0.0084  
  -0.0051  
   0.0054  
   0.012   
  -0.012   
  -0.005   
   0.0055  
   0.11    
   0.11    
   0.11    
   0.11    
   0.11    
   0.11    
   0.11    
   0.11    
   0.11    
   0.11    
   0.11    
   0.11    
   0.11    
   0.11    
   0.11    
   0.11    
   0.11    
   0.11    
   0.11    
   0.11    

EFC_AREF
   1.7     
  -1.3     
   0.34    
   0.31    
   0.31    
   0.34    
  -0.45    
   0.45    
   0.28    
  -0.28    
   0.08    
   1.4     
   1       
   0.45    
  -5.6     
  -5.6     
  -5.6     
  -5.6     
  -5.6     
  -5.6     
  -5.6     
  -5.6     
  -5.6     
  -5.6     
  -5.6     
  -5.6     
  -5.6     
  -5.6     
  -5.6     
  -5.6     
  -5.6     
  -5.6     
  -5.6     
  -5.6     

SUBTREE_LINVEL
   0         0         0       
   0         0         0       
   0         0         0       
   0         0         0       
   0         0         0       
   0         0         0       
   0         0         0       
   0         0         0       
   0         0         0       
   0         0         0       
   0         0         0       

SUBTREE_ANGMOM
   0         0         0       
   0         0         0       
   0         0         0       
   0         0         0       
   0         0         0       
   0         0         0       
   0         0         0       
   0         0         0       
   0         0         0       
   0         0         0       
   0         0         0       

ACTUATOR_FORCE
   2.2     
   2.2     
  -2.2     
   2.2     
  -2.5     
  -2.7     
  -2.3     

QFRC_ACTUATOR
   2.2     
   2.2     
  -2.2     
   2.2     
  -2.5     
  -2.7     
  -2.3     
   0       
   0       

QFRC_SMOOTH
   2.2     
   53      
  -0.52    
  -18      
  -0.88    
  -2.1     
  -2.5     
   0.044   
  -0.076   

QACC_SMOOTH
   3.1     
   37      
   12      
   39      
  -1.7e+02 
  -17      
  -3.4e+02 
   0.12    
  -2.3     

EFC_B
  -39      
  -0.98    
  -32      
  -1.9     
  -8.2     
  -26      
  -1.8     
  -12      
   2.1     
  -16      
   27      
  -38      
  -16      
   4.4     
   3.5     
   3.5     
   3.5     
   3.5     
   3.5     
   3.5     
   3.5     
   3.5     
   3.5     
   3.5     
   3.5     
   3.5     
   3.5     
   3.5     
   3.5     
   3.5     
   3.5     
   3.5     
   3.5     
   3.5     

EFC_FORCE
   20      
   0.054   
   12      
   11      
   11      
   12      
   0       
   3.5     
   2.1     
   0       
   0.97    
   17      
   12      
   5.6     
   0       
   0       
   0       
   0       
   0       
   0       
   0       
   0       
   0       
   0       
   0       
   0       
   0       
   0       
   0       
   0       
   0       
   0       
   0       
   0       

EFC_STATE
  1
  1
  1
  1
  1
  1
  1
  1
  0
  1
  0
  1
  1
  0
  0
  0
  0
  0
  0
  0
  0
  0
  0
  0
  0
  0
  0
  0
  0
  0
  0
  0
  0
  0

QFRC_CONSTRAINT
  -2.2     
  -53      
   0.52    
   18      
   0.87    
   2.1     
   2.5     
   0       
   0.054   

QFRC_INVERSE
   0       
   0       
   0       
   0       
   0       
   0       
   0       
   0       
   0       

CACC
   0         0         0         0         0         0       
   0         0         0         0         0         0       
   0         0         0         0         0         0       
   0         0         0         0         0         0       
   0         0         0         0         0         0       
   0         0         0         0         0         0       
   0         0         0         0         0         0       
   0         0         0         0         0         0       
   0         0         0         0         0         0       
   0         0         0         0         0         0       
   0         0         0         0         0         0       

CFRC_INT
   0         0         0         0         0         0       
   0         0         0         0         0         0       
   0         0         0         0         0         0       
   0         0         0         0         0         0       
   0         0         0         0         0         0       
   0         0         0         0         0         0       
   0         0         0         0         0         0       
   0         0         0         0         0         0       
   0         0         0         0         0         0       
   0         0         0         0         0         0       
   0         0         0         0         0         0       

CFRC_EXT
   0         0         0         0         0         0       
   0         0         0         0         0         0       
   0         0         0         0         0         0       
   0         0         0         0         0         0       
   0         0         0         0         0         0       
   0         0         0         0         0         0       
   0         0         0         0         0         0       
   0         0         0         0         0         0       
   0         0         0         0         0         0       
   0         0         0         0         0         0       
   0         0         0         0         0         0       

TREE_ISLAND
  0

ISLAND_NTREE
  1

ISLAND_ITREEADR
  0

MAP_ITREE2TREE
  0

DOF_ISLAND            0 0 0 0 0 0 0 0 0

ISLAND_NV             9

ISLAND_IDOFADR        0

MAP_IDOF2DOF          0 1 2 3 4 5 6 7 8

EFC_ISLAND            0 0 0 0 0 0 0 0 0 0 0 0 0 0 0 0 0 0 0 0 0 0 0 0 0 0 0 0 0 0 0 0 0 0

ISLAND_NEFC           34

ISLAND_IEFCADR        0

MAP_IEFC2EFC          0 1 2 3 4 5 6 7 8 9 10 11 12 13 14 15 16 17 18 19 20 21 22 23 24 25 26 27 28 29 30 31 32 33

